# Gerado por scripts/textures/blocos.py (gerar_texturas.py). Pixels: x0 y0 z0  x1 y1 z1.
# Hitboxes: as mesmas de RouterShapes.UP_BOXES (roteador, facing=up, spin 0) e de storage/StorageShapes.java.

== router_basic
envolvente do bloco:  1.00  0.00  2.00  15.00 14.30 14.00
elementos:
   1.00  0.00  2.00  15.00  1.00 14.00
   1.00  1.00  2.00   3.00  3.00  4.00
   1.00  1.00 12.00   3.00  3.00 14.00
  13.00  1.00  2.00  15.00  3.00  4.00
  13.00  1.00 12.00  15.00  3.00 14.00
   3.00  1.00  4.00  13.00  5.00 12.00
   2.00  3.00  2.50   3.00 11.00  3.50
   2.00 11.00  2.50   3.00 12.00  3.50
  13.00  3.00  2.50  14.00 11.00  3.50
  13.00 11.00  2.50  14.00 12.00  3.50
   7.00  5.00  7.00   9.00  9.00  9.00
   5.00  9.00  2.76  11.00 13.95  7.71  (rotacionado)
   7.50 11.47  5.23   8.50 13.60  7.35  (rotacionado)
   7.50 12.89  6.65   8.50 14.30  8.06  (rotacionado)
hitboxes:
   1.00  0.00  2.00  15.00  3.00 14.00
   3.00  1.00  4.00  13.00  5.00 12.00
   2.00  3.00  2.50   3.00 12.00  3.50
  13.00  3.00  2.50  14.00 12.00  3.50
   7.00  5.00  7.00   9.00  9.00  9.00
   5.00  9.00  2.75  11.00 14.50  8.25

== storage_chest_basic
envolvente do bloco:  0.00  0.00  0.00  16.00 16.00 16.00
elementos:
   1.00  0.00  1.00   4.00  2.00  4.00
   1.00  0.00 12.00   4.00  2.00 15.00
  12.00  0.00  1.00  15.00  2.00  4.00
  12.00  0.00 12.00  15.00  2.00 15.00
   1.00  2.00  1.00  15.00 14.00 15.00
   0.00 14.00  0.00  16.00 16.00 16.00
   2.00  2.00 15.00  14.00  7.00 16.00
   2.00  2.00  0.00  14.00  7.00  1.00
  15.00  2.00  2.00  16.00  7.00 14.00
   0.00  2.00  2.00   1.00  7.00 14.00
   2.00  8.00 15.00  14.00 13.00 16.00
   2.00  8.00  0.00  14.00 13.00  1.00
  15.00  8.00  2.00  16.00 13.00 14.00
   0.00  8.00  2.00   1.00 13.00 14.00
hitboxes:
   1.00  0.00  1.00   4.00  2.00  4.00
  12.00  0.00  1.00  15.00  2.00  4.00
   1.00  0.00 12.00   4.00  2.00 15.00
  12.00  0.00 12.00  15.00  2.00 15.00
   1.00  2.00  1.00  15.00 14.00 15.00
   0.00 14.00  0.00  16.00 16.00 16.00
   2.00  2.00 15.00  14.00 13.00 16.00
   2.00  2.00  0.00  14.00 13.00  1.00
  15.00  2.00  2.00  16.00 13.00 14.00
   0.00  2.00  2.00   1.00 13.00 14.00

== storage_tank_basic
envolvente do bloco:  2.00  0.00  2.00  14.00 16.00 14.00
elementos:
   2.00  0.00  2.00   5.00  1.00  5.00
   2.00  0.00 11.00   5.00  1.00 14.00
  11.00  0.00  2.00  14.00  1.00  5.00
  11.00  0.00 11.00  14.00  1.00 14.00
   2.00  1.00  2.00  14.00  4.00 14.00
   3.00  4.00  3.00  13.00  5.00 13.00
   5.00  5.00  5.00  11.00 12.00 11.00
   4.00  5.00  4.00  12.00 13.00 12.00
   7.50  5.00 12.00   8.50 13.00 13.00
   7.50  5.00  3.00   8.50 13.00  4.00
  12.00  5.00  7.50  13.00 13.00  8.50
   3.00  5.00  7.50   4.00 13.00  8.50
   3.00 13.00  3.00  13.00 14.00 13.00
   2.00 14.00  2.00  14.00 16.00 14.00
hitboxes:
   2.00  0.00  2.00  14.00  4.00 14.00
   3.00  4.00  3.00  13.00 14.00 13.00
   2.00 14.00  2.00  14.00 16.00 14.00

== storage_battery_basic
envolvente do bloco:  1.00  0.00  1.00  15.00 16.00 15.00
elementos:
   1.00  0.00  1.00   4.00  1.00  4.00
   1.00  0.00 12.00   4.00  1.00 15.00
  12.00  0.00  1.00  15.00  1.00  4.00
  12.00  0.00 12.00  15.00  1.00 15.00
   1.00  1.00  1.00  15.00  2.00 15.00
   2.00  2.00  2.00  14.00  5.00 14.00
   2.00  5.00  2.00  14.00  6.00 14.00
   2.00  6.00  2.00  14.00  9.00 14.00
   2.00  9.00  2.00  14.00 10.00 14.00
   2.00 10.00  2.00  14.00 13.00 14.00
   1.00 13.00  1.00  15.00 14.00 15.00
   2.00 14.00  2.00  14.00 15.00 14.00
   3.00 15.00  3.00   5.00 16.00  5.00
  11.00 15.00 11.00  13.00 16.00 13.00
   6.00  2.00 14.00  10.00 13.00 15.00
   6.00  2.00  1.00  10.00 13.00  2.00
  14.00  2.00  6.00  15.00 13.00 10.00
   1.00  2.00  6.00   2.00 13.00 10.00
hitboxes:
   1.00  0.00  1.00  15.00  2.00 15.00
   2.00  2.00  2.00  14.00 13.00 14.00
   6.00  2.00 14.00  10.00 13.00 15.00
   6.00  2.00  1.00  10.00 13.00  2.00
  14.00  2.00  6.00  15.00 13.00 10.00
   1.00  2.00  6.00   2.00 13.00 10.00
   1.00 13.00  1.00  15.00 14.00 15.00
   2.00 14.00  2.00  14.00 15.00 14.00
   3.00 15.00  3.00   5.00 16.00  5.00
  11.00 15.00 11.00  13.00 16.00 13.00

== storage_chemical_tank_basic
envolvente do bloco:  2.00  0.00  2.00  14.00 15.00 14.00
elementos:
   3.00  0.00  3.00   5.00  1.00  5.00
   3.00  0.00 11.00   5.00  1.00 13.00
  11.00  0.00  3.00  13.00  1.00  5.00
  11.00  0.00 11.00  13.00  1.00 13.00
   3.00  1.00  3.00  13.00  2.00 13.00
   4.00  2.00  4.00  12.00  3.00 12.00
   3.00  3.00  3.00  13.00  5.00 13.00
   3.00  5.00  3.00  13.00 11.00 13.00
   2.00  5.00  2.00  14.00 11.00 14.00
   3.00 11.00  3.00  13.00 13.00 13.00
   4.00 13.00  4.00  12.00 14.00 12.00
   4.00 14.00  4.00  12.00 15.00  5.00
   4.00 14.00 11.00  12.00 15.00 12.00
   4.00 14.00  5.00   5.00 15.00 11.00
  11.00 14.00  5.00  12.00 15.00 11.00
hitboxes:
   3.00  0.00  3.00  13.00  2.00 13.00
   4.00  2.00  4.00  12.00  3.00 12.00
   3.00  3.00  3.00  13.00  5.00 13.00
   2.00  5.00  2.00  14.00 11.00 14.00
   3.00 11.00  3.00  13.00 13.00 13.00
   4.00 13.00  4.00  12.00 15.00 12.00

== storage_source_tank_basic_10
envolvente do bloco:  2.00  0.00  2.00  14.00 16.00 14.00
elementos:
   2.00  0.00  2.00   3.00  1.00  3.00
   2.00  0.00 13.00   3.00  1.00 14.00
  13.00  0.00  2.00  14.00  1.00  3.00
  13.00  0.00 13.00  14.00  1.00 14.00
   3.00  0.00  3.00  13.00  2.00 13.00
   3.00  2.00  3.00   4.00 12.00  4.00
   3.00  2.00 12.00   4.00 12.00 13.00
  12.00  2.00  3.00  13.00 12.00  4.00
  12.00  2.00 12.00  13.00 12.00 13.00
   5.00  2.00  5.00  11.00 11.00 11.00
   4.00  2.00  4.00  12.00 12.00 12.00
   3.00 12.00  3.00  13.00 13.00 13.00
   6.00 13.00  6.00  10.00 14.00 10.00
   6.50 14.00  6.50   9.50 16.00  9.50
hitboxes:
   2.00  0.00  2.00  14.00  1.00 14.00
   3.00  0.00  3.00  13.00 13.00 13.00
   6.00 13.00  6.00  10.00 14.00 10.00
   6.50 14.00  6.50   9.50 16.00  9.50
